0
0 0 0.571217 1 0 0 0 1 0 -0 0 1 -0 0 -0.698132 1.36136 -0.663225 0 -0 0 -0.698132 1.36136 -0.663225 0 0 0 0 0 0.349066 -0.174533 0 -0.523599 1.39626 0 -1 0.349066 0.174533 0 -0.523599 -1.39626 0 -1 
-0.0238045 0.00265024 0.545222 0.996988 -0.033889 0.0697565 0.0344915 0.999377 -0.00745078 -0.0694606 0.00983435 0.997536 -0.0349257 -0.0135477 -0.883163 1.4909 -0.677557 0.00611176 -0.0349129 -0.0133651 -0.889643 1.48573 -0.665907 0.00592875 0 0 0 0 0.0772885 -0.125421 0.212805 -0.564422 0.937884 -0.0605459 -1 0.349066 0.174533 0 -0.523599 -1.39626 0 -1 
-0.0296475 0.000848547 0.539621 0.994725 -0.0544441 0.0869423 0.0548259 0.998494 -0.00200821 -0.086702 0.00676431 0.996211 -0.0550415 -0.00416215 -0.924528 1.51632 -0.678843 0.00216213 -0.0550051 -0.00374457 -0.936307 1.51031 -0.661053 0.00174296 0 0 0 0 0.0123238 -0.123208 0.213544 -0.653558 0.85885 -0.0270365 -1 0.349066 0.174533 0 -0.523599 -1.39626 0 -1 
-0.0495699 -0.0265557 0.529316 0.963419 -0.224762 0.145967 0.215023 0.97336 0.0795904 -0.159967 -0.0452927 0.986083 -0.208771 0.137557 -1.02794 1.55308 -0.673034 -0.0585171 -0.207582 0.14545 -1.08399 1.53981 -0.603878 -0.0664973 0 0 0 0 -0.243857 -0.15448 0.291019 -0.960013 0.313001 0.393639 -1 0.349066 0.174533 0 -0.523599 -1.39626 0 -1 
-0.0401873 -0.0167698 0.55773 0.932302 -0.341539 0.119012 0.337629 0.939829 0.0522338 -0.129691 -0.00851562 0.991518 -0.341413 0.0811088 -0.895587 1.42891 -0.653011 -0.0290587 -0.339506 0.0968943 -0.968842 1.39726 -0.548276 -0.0449582 0 0 0 0 -0.903394 -0.33372 0.230591 -0.75488 -0.158436 0.77435 -1 0.349066 0.174533 0 -0.523599 -1.39626 0 -1 
-0.0395901 -0.01707 0.559728 0.930479 -0.347062 0.117286 0.343089 0.937797 0.0531699 -0.128444 -0.00923391 0.991674 -0.347267 0.0823121 -0.886502 1.41882 -0.650279 -0.0293204 -0.345331 0.0985678 -0.960866 1.3872 -0.544464 -0.04569 0 0 0 0 -0.928801 -0.329447 0.245328 -0.763742 -0.187188 0.808463 -1 0.349066 0.174533 0 -0.523599 -1.39626 0 -1 
-0.0357421 -0.0195268 0.56959 0.915064 -0.389083 0.106172 0.384588 0.921084 0.0608044 -0.121452 -0.0148073 0.992487 -0.392137 0.0924661 -0.834939 1.36788 -0.639767 -0.031805 -0.389951 0.112717 -0.918421 1.33629 -0.524922 -0.0521718 0 0 0 0 -1.08811 -0.287797 0.319754 -0.802538 -0.361901 1.01876 -1 0.349066 0.174533 0 -0.523599 -1.39626 0 -1 
-0.0347802 -0.0207205 0.569294 0.908101 -0.405782 0.103407 0.40099 0.91381 0.0644768 -0.120658 -0.0170862 0.992547 -0.410029 0.0977867 -0.82872 1.36932 -0.644694 -0.0334457 -0.407699 0.119935 -0.916433 1.33743 -0.525342 -0.0557144 0 0 0 0 -1.12426 -0.264211 0.31954 -0.795386 -0.396254 1.06306 -1 0.349066 0.174533 0 -0.523599 -1.39626 0 -1 
-0.0335292 -0.0227458 0.566393 0.896241 -0.432191 0.0998159 0.426875 0.901544 0.0706906 -0.12054 -0.020747 0.992492 -0.438553 0.106997 -0.826749 1.38424 -0.658048 -0.0364306 -0.435959 0.13248 -0.921603 1.35164 -0.530909 -0.0620431 0 0 0 0 -1.16611 -0.222639 0.302028 -0.770999 -0.430675 1.1109 -1 0.349066 0.174533 0 -0.523599 -1.39626 0 -1 
