1
0 0 0.571217 1 0 0 0 1 0 -0 0 1 -0 0 -0.698132 1.36136 -0.663225 0 -0 0 -0.698132 1.36136 -0.663225 0 0 0 0 0 0.349066 -0.174533 0 -0.523599 1.39626 0 -1 0.349066 0.174533 0 -0.523599 -1.39626 0 -1 
-0.0379612 -0.014921 0.436646 0.993789 -0.0085854 0.110945 0.00375825 0.99904 0.0436453 -0.111214 -0.0429573 0.992868 0.0012026 0.0879289 -1.22386 1.95242 -0.840164 -0.044546 0.00129557 0.0887551 -1.23143 1.9598 -0.839992 -0.0453774 0 0 0 0 0.346375 -0.351913 0.109623 -0.743755 0.959771 -0.0975401 -1 -0.856773 0.438142 -0.164647 -0.840533 -0.316892 0.151238 -1 
-0.0396183 -0.015715 0.42989 0.993247 -0.00744003 0.115777 0.00212626 0.998941 0.0459527 -0.115996 -0.0453963 0.992212 0.00344067 0.0935055 -1.24951 1.97796 -0.845001 -0.0478601 0.00355139 0.094447 -1.2569 1.98554 -0.845196 -0.048808 0 0 0 0 0.346652 -0.359197 0.113459 -0.75203 0.94291 -0.100317 -1 -0.913773 0.450327 -0.176698 -0.856153 -0.26398 0.160202 -1 
-0.0408294 -0.0166788 0.422466 0.99286 -0.00137069 0.119275 -0.00447334 0.998803 0.0487148 -0.119199 -0.0489006 0.991665 0.0107089 0.100294 -1.27508 2.00572 -0.850802 -0.0519328 0.0108434 0.101402 -1.28083 2.01412 -0.85347 -0.0530493 0 0 0 0 0.348047 -0.362919 0.113266 -0.753779 0.937736 -0.0977647 -1 -0.967073 0.460945 -0.199958 -0.872552 -0.209192 0.173681 -1 
-0.0414708 -0.0177892 0.414637 0.992591 0.0102286 0.121075 -0.0166154 0.998516 0.0518594 -0.120365 -0.0534868 0.991288 0.0235492 0.10816 -1.29933 2.03465 -0.857402 -0.0566972 0.0237193 0.109538 -1.30167 2.04461 -0.865043 -0.0580858 0 0 0 0 0.350695 -0.362223 0.108308 -0.747702 0.946685 -0.0890272 -1 -1.01321 0.469152 -0.235291 -0.88902 -0.155037 0.19181 -1 
-0.041407 -0.0190915 0.406416 0.992265 0.0287245 0.12077 -0.0356414 0.997822 0.0555092 -0.118913 -0.0593843 0.991127 0.0432887 0.117391 -1.32165 2.06467 -0.864931 -0.0623133 0.0435204 0.119269 -1.31816 2.07704 -0.880819 -0.0642049 0 0 0 0 0.354899 -0.3559 0.097347 -0.731733 0.973518 -0.0725358 -1 -1.04946 0.47415 -0.285465 -0.90531 -0.102561 0.215582 -1 
-0.0408228 -0.0252495 0.369241 0.985421 0.122153 0.118422 -0.131299 0.988669 0.0727568 -0.108192 -0.0872448 0.990294 0.143023 0.163633 -1.42574 2.19589 -0.890462 -0.0914651 0.143956 0.171231 -1.38658 2.21914 -0.953023 -0.0991185 0 0 0 0 0.374601 -0.317655 0.0408795 -0.646464 1.1201 0.00907459 -1 -1.19777 0.489904 -0.529925 -0.975598 0.127569 0.331361 -1 
-0.0386073 -0.0311027 0.30493 0.940994 0.319931 0.110337 -0.329919 0.939852 0.0884933 -0.0753884 -0.119674 0.989947 0.352704 0.221241 -1.63053 2.40988 -0.892688 -0.133468 0.357617 0.262934 -1.47427 2.44837 -1.08861 -0.175433 0 0 0 0 0.349784 -0.178559 0.00114985 -0.527055 1.38849 0.000255271 -1 -1.53448 0.443658 -0.904548 -1.01181 0.486689 0.598382 -1 
-0.0386038 -0.0313001 0.303069 0.93909 0.325499 0.110276 -0.335513 0.937818 0.0890358 -0.0744376 -0.120612 0.989905 0.358854 0.223332 -1.63757 2.41573 -0.891494 -0.135023 0.36397 0.266702 -1.47691 2.45456 -1.09221 -0.178676 0 0 0 0 0.349066 -0.174533 0 -0.523599 1.39626 0 -1 -1.54422 0.44232 -0.91539 -1.01286 0.497083 0.60611 -1 
