1
0 0 0.571217 1 0 0 0 1 0 -0 0 1 -0 0 -0.698132 1.36136 -0.663225 0 -0 0 -0.698132 1.36136 -0.663225 0 0 0 0 0 0.349066 -0.174533 0 -0.523599 1.39626 0 -1 0.349066 0.174533 0 -0.523599 -1.39626 0 -1 
-0.0436671 -0.00998667 0.418632 0.991685 -0.0162935 0.127652 0.0126506 0.999491 0.0292966 -0.128064 -0.0274381 0.991386 -0.00861102 0.0606653 -1.29994 2.02277 -0.851073 -0.0316238 -0.00855777 0.0610775 -1.30798 2.02564 -0.845896 -0.0320394 0 0 0 0 0.349066 -0.174533 0 -0.523599 1.39626 0 -1 -1.07426 0.669329 -0.347249 -0.808592 -0.396717 -0.0570848 -1 
-0.0482434 -0.010373 0.404834 0.990023 0.00153547 0.140901 -0.00585815 0.999525 0.0302692 -0.140787 -0.0307926 0.989561 0.0107113 0.0642746 -1.36311 2.07155 -0.850107 -0.0343442 0.0107787 0.0647462 -1.36578 2.07652 -0.852415 -0.0348206 0 0 0 0 0.349066 -0.174533 0 -0.523599 1.39626 0 -1 -1.17485 0.701115 -0.394373 -0.852867 -0.264842 -0.0929151 -1 
-0.0600535 -0.00776568 0.364114 0.982018 0.0710264 0.174915 -0.0760318 0.996861 0.0220742 -0.172798 -0.0349764 0.984336 0.0812133 0.0506842 -1.55117 2.20731 -0.83219 -0.0290568 0.0815319 0.0524723 -1.53022 2.22291 -0.868755 -0.030873 0 0 0 0 0.349066 -0.174533 0 -0.523599 1.39626 0 -1 -1.4258 0.789697 -0.52359 -0.988102 0.0818381 -0.14517 -1 
-0.0622547 -0.0059543 0.35422 0.978968 0.0937806 0.181181 -0.0983901 0.995009 0.0166033 -0.178719 -0.0340805 0.98331 0.10265 0.0387679 -1.59616 2.23848 -0.824648 -0.0225371 0.103142 0.0414361 -1.56682 2.25832 -0.87385 -0.0252503 0 0 0 0 0.349066 -0.174533 0 -0.523599 1.39626 0 -1 -1.4713 0.809436 -0.551949 -1.02243 0.151713 -0.139684 -1 
-0.0630906 -0.00402839 0.347986 0.976523 0.112855 0.183484 -0.116806 0.993096 0.0108314 -0.180994 -0.032009 0.982963 0.119791 0.0253524 -1.62246 2.25792 -0.820049 -0.0147717 0.120458 0.0289216 -1.58583 2.28132 -0.880097 -0.0184026 0 0 0 0 0.349066 -0.174533 0 -0.523599 1.39626 0 -1 -1.48774 0.82045 -0.567625 -1.04518 0.184398 -0.121767 -1 
-0.0636042 -0.000132454 0.338379 0.971583 0.147995 0.184724 -0.150436 0.988619 -0.000810373 -0.182741 -0.0270018 0.98279 0.150577 -0.00311173 -1.6599 2.28746 -0.813346 0.00234166 0.151659 0.002646 -1.60934 2.31764 -0.894087 -0.0035169 0 0 0 0 0.349066 -0.174533 0 -0.523599 1.39626 0 -1 -1.4985 0.835678 -0.589764 -1.08141 0.22119 -0.076629 -1 
-0.0639961 0.00561686 0.324312 0.962258 0.199146 0.185471 -0.199307 0.979772 -0.01797 -0.185298 -0.0196739 0.982485 0.194947 -0.0483272 -1.71387 2.32913 -0.802031 0.0308929 0.196931 -0.0378359 -1.64193 2.37049 -0.915247 0.020216 0 0 0 0 0.349066 -0.174533 0 -0.523599 1.39626 0 -1 -1.51426 0.857974 -0.622182 -1.13446 0.275059 -0.0105278 -1 
-0.0632747 0.0118418 0.310855 0.950116 0.25262 0.182926 -0.250213 0.967502 -0.0365153 -0.186206 -0.0110766 0.982448 0.24088 -0.101709 -1.76083 2.36742 -0.791518 0.0663106 0.24419 -0.0840744 -1.66483 2.42161 -0.941398 0.0483703 0 0 0 0 0.349066 -0.174533 0 -0.523599 1.39626 0 -1 -1.51667 0.877764 -0.651757 -1.18616 0.314795 0.0680763 -1 
-0.0619556 0.0177452 0.29834 0.93608 0.303055 0.178638 -0.298202 0.952969 -0.0540825 -0.186626 -0.00264452 0.982427 0.284298 -0.157305 -1.80149 2.40141 -0.781792 0.104904 0.289271 -0.13049 -1.68102 2.46909 -0.969232 0.0776417 0 0 0 0 0.349066 -0.174533 0 -0.523599 1.39626 0 -1 -1.51548 0.895739 -0.679027 -1.23446 0.348532 0.145429 -1 
-0.0605909 0.0222767 0.288628 0.923421 0.341927 0.1743 -0.33521 0.939718 -0.0675552 -0.186892 0.0039549 0.982373 0.318019 -0.203902 -1.83129 2.42662 -0.774271 0.138458 0.324577 -0.168147 -1.69062 2.50579 -0.9929 0.102127 0 0 0 0 0.349066 -0.174533 0 -0.523599 1.39626 0 -1 -1.51431 0.909598 -0.700965 -1.27176 0.374449 0.206133 -1 
-0.0601007 0.0233875 0.286521 0.920013 0.351744 0.172777 -0.344579 0.936079 -0.070858 -0.186657 0.00565494 0.982409 0.326727 -0.215728 -1.8367 2.43193 -0.773036 0.147073 0.333707 -0.177483 -1.69071 2.51392 -0.999663 0.108221 0 0 0 0 0.349066 -0.174533 0 -0.523599 1.39626 0 -1 -1.51293 0.91217 -0.709436 -1.27898 0.378793 0.222515 -1 
-0.0519745 0.0356127 0.265077 0.871649 0.467284 0.147898 -0.455568 0.883723 -0.107196 -0.180792 0.0260597 0.983176 0.435789 -0.359969 -1.87128 2.48259 -0.769997 0.255556 0.448424 -0.28409 -1.65392 2.59772 -1.09849 0.178737 0 0 0 0 0.349066 -0.174533 0 -0.523599 1.39626 0 -1 -1.48971 0.932719 -0.853036 -1.33878 0.411026 0.428482 -1 
-0.0512893 0.0364411 0.263522 0.867568 0.475463 0.14581 -0.463465 0.879304 -0.109656 -0.180349 0.027556 0.983217 0.443972 -0.370995 -1.8729 2.48606 -0.770261 0.264133 0.457058 -0.291765 -1.64972 2.60368 -1.1068 0.183942 0 0 0 0 0.349066 -0.174533 0 -0.523599 1.39626 0 -1 -1.48798 0.934179 -0.863753 -1.34304 0.413305 0.443614 -1 
