0
-0.102937 -0.00764757 0.274545 0.898883 0.375981 0.225051 -0.394889 0.917668 0.0441391 -0.189927 -0.128546 0.973347 0.409818 0.0590566 -2.06734 2.3851 -0.545158 -0.0152966 0.423817 0.11915 -1.97441 2.50681 -0.761045 -0.0769858 0.056261 0.0778705 1.07291e-05 -0.000507613 0.344055 -0.162494 -0.0154645 -0.521936 1.32701 0.0193387 -1 -1.49065 0.672905 -0.77391 -1.16574 -0.657559 0.244458 -1 
-0.113799 -0.0168249 0.307163 0.920003 0.298465 0.253993 -0.323451 0.944208 0.0620595 -0.221299 -0.139249 0.965213 0.346508 0.124247 -1.98798 2.27756 -0.548423 -0.064275 0.356487 0.161447 -1.93119 2.37618 -0.705257 -0.102763 0.056261 0.0778705 1.07291e-05 -0.000507613 0.409183 -0.457149 -0.176387 -0.619184 1.06413 -0.195054 -1 -1.48768 0.746613 -0.823549 -1.20021 -0.445627 0.030974 -1 
-0.11328 -0.0492173 0.455236 0.965611 -0.0431813 0.25638 0.0127269 0.992779 0.119277 -0.25968 -0.111913 0.959188 0.0235316 0.251555 -1.48651 1.79206 -0.573447 -0.136735 0.0251143 0.257132 -1.50634 1.79874 -0.560703 -0.142518 0.056261 0.0778705 1.07291e-05 -0.000507613 0.296693 -0.246574 0.288436 -1.22904 0.248908 -0.140941 -1 -1.18198 0.584177 -0.341058 -1.09586 0.0621254 -0.0163845 -1 
-0.108847 -0.0498315 0.45987 0.961311 -0.122614 0.246673 0.0968724 0.988751 0.113959 -0.257871 -0.0856544 0.962375 -0.0627907 0.246438 -1.44962 1.79148 -0.599037 -0.136601 -0.0612624 0.252066 -1.47805 1.77296 -0.552475 -0.142421 0.056261 0.0778705 1.07291e-05 -0.000507613 0.0825683 -0.236064 0.328104 -1.29306 0.0686988 0.114601 -1 -0.672282 0.492417 -0.237549 -1.06307 0.0977192 -0.0447747 -1 
-0.124545 -0.0247186 0.479428 0.937366 -0.189843 0.29207 0.186478 0.981661 0.0395909 -0.29423 0.0173533 0.955577 -0.169123 0.100182 -1.47377 1.72118 -0.545336 -0.0633575 -0.167624 0.105039 -1.4909 1.65865 -0.465831 -0.0684382 0.056261 0.0778705 1.07291e-05 -0.000507613 -0.146725 -0.161342 -0.00730961 -1.25296 -0.0895952 0.125126 -1 -0.326381 0.508038 -0.00938998 -0.76156 0.00721252 -0.183774 -1 
-0.123345 -0.0265748 0.475113 0.935425 -0.203155 0.289323 0.199152 0.979001 0.0435426 -0.292093 0.0168883 0.956241 -0.180684 0.109301 -1.48016 1.742 -0.557175 -0.0687012 -0.178956 0.114943 -1.4996 1.676 -0.471925 -0.0745986 0.056261 0.0778705 1.07291e-05 -0.000507613 -0.44076 -0.171225 -0.10948 -1.22758 -0.118053 0.115041 -1 -0.306836 0.418212 0.132159 -0.79065 -0.140792 -0.18246 -1 
-0.116625 -0.0324889 0.464554 0.937078 -0.219346 0.271611 0.211455 0.975643 0.0583706 -0.277798 0.00273553 0.960635 -0.189692 0.1416 -1.47664 1.79258 -0.593863 -0.0864829 -0.187697 0.148518 -1.50351 1.72728 -0.50198 -0.0936766 0.056261 0.0778705 1.07291e-05 -0.000507613 -0.878038 -0.197171 -0.051098 -1.12801 -0.258104 0.284746 -1 -0.262613 0.345806 0.172678 -0.760489 -0.403688 -0.132223 -1 
-0.103701 -0.0426514 0.44677 0.941449 -0.2396 0.237203 0.225732 0.970525 0.0844105 -0.250436 -0.0259239 0.967786 -0.199625 0.200273 -1.45963 1.87444 -0.659281 -0.11924 -0.197214 0.209725 -1.49996 1.8134 -0.558404 -0.128982 0.056261 0.0778705 1.07291e-05 -0.000507613 -1.5172 -0.241473 0.153496 -0.947411 -0.51823 0.637533 -1 -0.189379 0.274661 0.13552 -0.674773 -0.812224 -0.031415 -1 
-0.0969066 -0.0473353 0.439325 0.944324 -0.245575 0.218962 0.229455 0.968509 0.0966441 -0.2358 -0.0410214 0.970935 -0.202208 0.228491 -1.44392 1.9079 -0.690721 -0.135068 -0.199645 0.239281 -1.49064 1.85026 -0.58696 -0.146142 0.056261 0.0778705 1.07291e-05 -0.000507613 -1.69218 -0.259956 0.344774 -0.852393 -0.659292 0.849776 -1 -0.13875 0.285774 0.0331785 -0.608498 -0.960109 0.0163761 -1 
-0.0871863 -0.0532222 0.42948 0.944953 -0.263949 0.193376 0.246211 0.96283 0.111078 -0.215507 -0.0573523 0.974817 -0.219123 0.263797 -1.41698 1.95291 -0.737607 -0.155539 -0.216215 0.277475 -1.47414 1.89665 -0.624959 -0.1695 0.056261 0.0778705 1.07291e-05 -0.000507613 -1.90808 -0.2824 0.628979 -0.701542 -0.879128 1.14352 -1 -0.0031543 0.284225 -0.0746903 -0.524648 -1.18088 0.0501016 -1 
-0.0850339 -0.054892 0.419617 0.92534 -0.327693 0.19069 0.311465 0.943812 0.110493 -0.216184 -0.04285 0.975412 -0.286548 0.270076 -1.42806 2.00021 -0.771321 -0.162458 -0.282358 0.289967 -1.49812 1.92495 -0.627166 -0.182752 0.056261 0.0778705 1.07291e-05 -0.000507613 -1.85766 -0.280874 0.793503 -0.55214 -1.09017 1.27009 -1 0.349066 0.174533 0 -0.523599 -1.39626 0 -1 
