1
0 0 0.571217 1 -0 0 0 1 -0 0 0 1 -0 0 -0.698132 1.36136 -0.663225 0 -0 0 -0.698132 1.36136 -0.663225 0 0 0 0 0 0.349066 -0.174533 0 -0.523599 1.39626 0 -1 0.349066 0.174533 0 -0.523599 -1.39626 0 -1 
-0.0599944 -0.0263857 0.451213 0.982761 -0.0579858 0.175555 0.0449184 0.995979 0.0775178 -0.179343 -0.0682959 0.981413 -0.0317631 0.151191 -1.30034 1.87694 -0.755124 -0.0747722 -0.0312965 0.153746 -1.32417 1.88281 -0.737235 -0.0773686 0 0 0 0 0.256835 -0.274964 -0.458369 -0.864686 0.491607 0.322441 -1 -0.630871 0.518765 -0.00274923 -1.2436 -0.312763 -0.0193524 -1 
-0.0634074 -0.0280218 0.441697 0.980947 -0.0576964 0.185512 0.0430016 0.995681 0.0822853 -0.189458 -0.0727402 0.979191 -0.0277929 0.162502 -1.34307 1.9119 -0.757941 -0.0815618 -0.0272292 0.165407 -1.36724 1.91742 -0.739382 -0.0845194 0 0 0 0 0.248979 -0.289336 -0.471978 -0.887009 0.436275 0.327945 -1 -0.681684 0.531869 -0.00758273 -1.2771 -0.24916 -0.0188158 -1 
-0.0665323 -0.0289261 0.42805 0.980001 -0.0418678 0.194538 0.0257247 0.996068 0.08478 -0.197323 -0.0780801 0.977224 -0.00846074 0.170904 -1.3974 1.9616 -0.762919 -0.0877273 -0.0078263 0.174007 -1.41796 1.96898 -0.749848 -0.0908925 0 0 0 0 0.241615 -0.310086 -0.452919 -0.899518 0.411578 0.305634 -1 -0.725227 0.532687 -0.0330917 -1.28665 -0.212125 -0.0106907 -1 
-0.0760515 -0.0279376 0.372709 0.972842 0.0668138 0.221619 -0.0866383 0.992945 0.080963 -0.214646 -0.0979649 0.971766 0.109793 0.179376 -1.6164 2.15011 -0.76089 -0.100879 0.111227 0.185472 -1.60646 2.17478 -0.795763 -0.107135 0 0 0 0 0.229791 -0.373606 -0.290301 -0.884681 0.484663 0.155819 -1 -0.86878 0.508164 -0.19862 -1.2432 -0.213599 0.0460308 -1 
-0.0983269 -0.00887734 0.273764 0.869525 0.40425 0.283742 -0.427611 0.903672 0.0229404 -0.247136 -0.141278 0.958626 0.446945 0.0397278 -2.12078 2.3916 -0.558751 -0.0175055 0.467724 0.109514 -2.01376 2.51978 -0.795496 -0.0903025 0 0 0 0 0.349066 -0.174533 0 -0.523599 1.39626 0 -1 -1.60099 0.64247 -0.80764 -1.21051 -0.690916 0.259335 -1 
