1
0 0 0.571217 1 -0 0 0 1 -0 0 0 1 -0 0 -0.698132 1.36136 -0.663225 0 -0 0 -0.698132 1.36136 -0.663225 0 0 0 0 0 0.349066 -0.174533 0 -0.523599 1.39626 0 -1 0.349066 0.174533 0 -0.523599 -1.39626 0 -1 
-0.0688803 -0.014084 0.467152 0.971404 -0.125031 0.201847 0.118911 0.992007 0.0422141 -0.205512 -0.0170051 0.978507 -0.1117 0.0789618 -1.30254 1.81798 -0.719322 -0.0375102 -0.111148 0.0816227 -1.33369 1.80178 -0.672028 -0.0402274 0 0 0 0 0.314668 -0.283256 0.233927 -0.739882 0.557203 0.0856481 -1 -1.12334 0.650076 -0.0909241 -0.865401 -0.158524 0.0264846 -1 
-0.0868027 -0.0191128 0.432668 0.961165 -0.107843 0.254033 0.0965062 0.993715 0.0567114 -0.258552 -0.0299932 0.965532 -0.0822317 0.111836 -1.49084 1.93778 -0.70544 -0.0569775 -0.0815704 0.114321 -1.51855 1.92115 -0.661176 -0.0595477 0 0 0 0 0.317963 -0.354916 0.279432 -0.761741 0.481968 0.0731457 -1 -1.35453 0.704898 -0.0488388 -0.947213 0.0553075 0.113513 -1 
-0.108737 -0.0198211 0.38265 0.948231 -0.0101834 0.317417 -0.0086496 0.998287 0.0578662 -0.317463 -0.0576161 0.946519 0.031186 0.124566 -1.76227 2.0845 -0.647847 -0.0703376 0.0317881 0.126335 -1.77097 2.08942 -0.644144 -0.0722045 0 0 0 0 0.341121 -0.503425 0.305401 -0.73115 0.626483 0.00387842 -1 -1.36877 0.655898 0.102524 -1.02655 0.119938 0.337617 -1 
-0.133341 -0.0142497 0.350215 0.894236 0.22418 0.387407 -0.259118 0.96503 0.0396792 -0.364965 -0.135867 0.921054 0.281022 0.0840022 -2.00585 2.11054 -0.503995 -0.0480831 0.289004 0.102815 -1.9903 2.20047 -0.610222 -0.0685057 0 0 0 0 0.351912 -0.378544 0.1569 -0.616205 1.06183 -0.0182397 -1 -1.46642 0.541396 -0.137659 -1.2777 0.182949 0.61979 -1 
-0.146521 -0.00627434 0.347583 0.820862 0.382282 0.424319 -0.428622 0.903354 0.0153264 -0.377451 -0.194453 0.905383 0.443817 0.017021 -2.07581 2.05537 -0.417842 -0.00187075 0.465138 0.0624331 -2.06188 2.21664 -0.593877 -0.0520312 0 0 0 0 0.349066 -0.174533 0 -0.523599 1.39626 0 -1 -1.55218 0.459747 -0.453741 -1.47314 0.20682 0.762508 -1 
