0
-0.154227 0.0214607 0.343061 0.756936 0.496164 0.425288 -0.52122 0.850938 -0.0650723 -0.39418 -0.172413 0.902716 0.497417 -0.17424 -2.10372 2.021 -0.363791 0.120775 0.525929 -0.114984 -2.09139 2.23731 -0.588317 0.0551464 0.345719 -0.055887 0.000628606 -0.00172724 0.37427 -0.123274 0.0143696 -0.518239 1.38634 -0.00328051 -1 -1.50198 0.576005 -0.352174 -1.28536 0.314731 0.676539 -1 
-0.140319 -0.0451937 0.384534 0.894547 0.218681 0.389826 -0.276313 0.956086 0.0977261 -0.351337 -0.195135 0.915688 0.340079 0.23232 -1.90745 1.97167 -0.476372 -0.146374 0.351839 0.258313 -1.89701 2.05832 -0.576318 -0.174761 0.345719 -0.055887 0.000628606 -0.00172724 0.0843291 -0.137702 0.243738 -0.950254 0.737233 -0.0928121 -1 -1.74085 0.520631 0.119542 -1.32064 0.0934331 0.47769 -1 
-0.118182 -0.0479476 0.424613 0.94214 0.024209 0.334345 -0.0591049 0.99376 0.0945943 -0.329968 -0.108882 0.937692 0.109623 0.232057 -1.67632 1.90105 -0.575421 -0.145973 0.111706 0.23759 -1.67833 1.9146 -0.58745 -0.151865 0.345719 -0.055887 0.000628606 -0.00172724 -0.0673626 -0.0882695 0.143058 -1.16897 0.239659 -0.257602 -1 -1.59781 0.38382 0.0978963 -0.960881 0.129456 0.247458 -1 
-0.110985 -0.0533178 0.445028 0.948348 -0.0240743 0.316317 -0.0103368 0.994242 0.10666 -0.317063 -0.104421 0.942638 0.0604654 0.251687 -1.57931 1.83575 -0.589141 -0.152959 0.0622102 0.256572 -1.58938 1.83745 -0.581216 -0.158128 0.345719 -0.055887 0.000628606 -0.00172724 -0.0780734 -0.101573 0.0535431 -1.16877 0.244635 -0.23104 -1 -1.55424 0.485741 0.0435943 -0.96632 0.0507696 0.248276 -1 
-0.0974628 -0.058261 0.459682 0.958134 -0.0551095 0.280965 0.0223949 0.99272 0.118346 -0.285442 -0.107099 0.952393 0.0242618 0.27191 -1.46973 1.79399 -0.620235 -0.160005 0.0259655 0.277284 -1.48649 1.79093 -0.600873 -0.165624 0.345719 -0.055887 0.000628606 -0.00172724 -0.1324 -0.139743 -0.0671078 -1.21465 0.178021 -0.107485 -1 -1.52302 0.529224 -0.0181126 -0.932277 -0.0524197 0.209858 -1 
-0.102681 -0.042984 0.550231 0.939853 -0.166127 0.298459 0.151213 0.985835 0.0725575 -0.306285 -0.0230624 0.95166 -0.123609 0.162663 -1.23599 1.41201 -0.483282 -0.0944101 -0.122488 0.166145 -1.25307 1.36617 -0.420529 -0.0980636 0.345719 -0.055887 0.000628606 -0.00172724 0.071095 -0.151764 -0.110151 -1.04748 -0.0138842 0.0708174 -1 -1.31236 0.978023 0.0941236 -1.07006 -0.342591 0.296623 -1 
-0.0892899 -0.0408443 0.5424 0.930591 -0.25179 0.265711 0.243757 0.967764 0.0633605 -0.273099 0.00580625 0.961968 -0.222781 0.149271 -1.19807 1.47855 -0.552522 -0.0891114 -0.220624 0.156909 -1.22519 1.40836 -0.455529 -0.0970411 0.345719 -0.055887 0.000628606 -0.00172724 -0.0314518 -0.141938 -0.326269 -1.07299 0.17285 -0.0617567 -1 -1.36026 1.10157 -0.0857328 -1.0381 -0.35567 0.438441 -1 
-0.0789679 -0.0575794 0.549225 0.932869 -0.269688 0.238798 0.250635 0.962101 0.107444 -0.258724 -0.0403798 0.965107 -0.224396 0.227752 -1.12478 1.43868 -0.561544 -0.123791 -0.221833 0.237603 -1.16505 1.38287 -0.46606 -0.133953 0.345719 -0.055887 0.000628606 -0.00172724 -0.0881854 -0.158946 -0.381835 -1.12453 0.226478 -0.0760495 -1 -1.33819 1.06508 -0.174427 -1.01498 -0.365037 0.337387 -1 
-0.0885238 -0.0512442 0.516964 0.96605 -0.0318384 0.256385 0.00613192 0.994924 0.100447 -0.258281 -0.0954646 0.961341 0.0259584 0.2184 -1.26794 1.55706 -0.554854 -0.121974 0.0269203 0.221848 -1.28236 1.5652 -0.548782 -0.125547 0.345719 -0.055887 0.000628606 -0.00172724 -0.875515 -0.339046 0.0318762 -0.973435 -0.307222 0.800622 -1 -1.24273 0.411837 -0.127009 -1.15955 -0.559611 0.183905 -1 
-0.0972859 -0.0372767 0.53713 0.959008 -0.0427535 0.280136 0.0261964 0.997696 0.0625852 -0.282166 -0.0526812 0.957918 -0.00205341 0.144571 -1.25275 1.46595 -0.500208 -0.0854045 -0.00168397 0.145809 -1.26172 1.46117 -0.486509 -0.0866958 0.345719 -0.055887 0.000628606 -0.00172724 -1.30633 -0.384903 0.233058 -1.08823 -0.485391 0.798271 -1 -0.952286 0.489611 -0.179147 -1.13428 -0.710718 -0.0272596 -1 
-0.0936626 -0.0474958 0.548906 0.963048 -0.00220692 0.269321 -0.0233925 0.995502 0.0918052 -0.268313 -0.0947129 0.958665 0.0524044 0.193052 -1.19871 1.39551 -0.474782 -0.105086 0.0532496 0.195957 -1.21067 1.41431 -0.481773 -0.108107 0.345719 -0.055887 0.000628606 -0.00172724 -1.3756 -0.177903 0.363634 -0.977754 -0.362517 1.17737 -1 -0.193186 0.252867 -0.0981035 -0.69521 -1.09749 0.169922 -1 
-0.0843318 -0.0729177 0.542952 0.966102 -0.0767759 0.24648 0.0384928 0.986921 0.156539 -0.255275 -0.141745 0.956422 0.00312675 0.313096 -1.16587 1.41912 -0.515313 -0.161187 0.00521133 0.320473 -1.1964 1.43461 -0.500916 -0.168825 0.345719 -0.055887 0.000628606 -0.00172724 -1.36093 -0.177512 0.396935 -0.823728 -0.473041 1.21406 -1 0.349066 0.174533 0 -0.523599 -1.39626 0 -1 
